 station
  1               KEECHELUS RESERVOIR
  2               KACHESS RESERVOIR
  3               YAKIMA RIVER AT EASTON DIVERSION DAM
  4               CLE ELUM RESERVOIR
  5               YAKIMA RIVER AT CLE ELUM
  6               YAKIMA RIVER AT UMTANUM
  7               BUMPING RESERVOIR
  8               NACHES RIVER AT NACHES-SELAH DIVERSION
  9               TIETON RESERVOIR
 10               TIETON RIVER AT TIETON DIVERSION
 11               NACHES R BELOW TIETON R NEAR NACHES
 12               YAKIMA R AT SUNNYSIDE DIV(PARKER)


tot_num_stats  12  
Years 48
Seasonal   12

Station        	1
Station_id	KEECHELUS_RESERVOIR
Duration    1926    1973
    10.2    35.0    14.9    12.4    24.7    30.3    19.1     4.2     3.2     2.9     5.3    20.9
    14.8    19.3     8.9     6.8     7.9    19.1    44.5    57.7    16.1     4.8    11.5    23.0
    48.5    19.0    29.1     6.2    21.5    21.0    55.8    20.4     6.0     4.4     2.0    17.3
     8.5     6.5     4.2     3.2    11.3    15.3    50.1    38.4    11.6     2.0     2.4     2.7
     2.8     7.3     7.1    23.9    18.2    36.9    26.9    17.0     5.8     3.2     2.8     8.5
    10.2     5.9    12.9    14.0    21.9    26.1    43.9    20.2     6.6     2.8     2.6     9.5
    19.6     7.6    18.1    22.2    32.2    32.4    50.8    53.0    18.7     7.9     4.3    11.7
    61.4    27.9    25.8     7.8     8.4    18.1    37.3    65.0    37.0     8.9    11.3    36.8
    31.9    80.0    37.0    17.8    47.7    48.2    22.4     7.1     2.7     1.3     2.8    22.7
    32.4    20.2    39.4    14.5    14.5    15.0    44.0    41.7    13.9     4.3     4.2     4.7
     5.9     8.1    12.6     6.8    15.1    34.9    74.2    44.5     7.5     3.6     3.4     3.1
     2.9    22.3     5.9     7.1    12.0    22.4    45.4    56.4    14.0     3.5     2.9     6.3
    40.8    23.6    14.3     5.4     9.7    34.7    46.6    26.5     5.8     2.7     1.8     4.0
    16.4    26.6    26.7     8.9    14.1    29.2    43.6    25.2     9.6     3.3     3.2     6.8
    14.0    28.6     7.6    15.3    22.8    33.4    35.6    12.5     4.9     3.9     2.0     5.5
    11.6    17.9     6.7     5.9    18.2    23.1    19.8    10.0     4.9     4.0    11.0    18.6
    19.3    20.1     5.8     5.7     9.6    30.9    31.3    28.5     7.9     2.5     3.0     3.6
    23.2    20.5    12.9     7.4    13.8    39.1    46.5    50.6    23.0     4.8     3.6     4.9
     9.3    24.8     6.3     9.3    12.0    21.5    37.1    18.4     3.4     5.1     8.9     6.0
     9.5    15.1    32.1    18.8     9.3    17.0    58.4    27.4     8.3     4.2     9.2    14.5
    20.9    16.2    13.9     6.6    12.1    26.6    67.0    59.6    23.9     6.8     4.7    15.5
    11.8    38.4    23.1    17.9    25.4    42.0    45.3    24.9     7.6     1.3     4.7    29.4
    34.3    16.3     9.9     9.3     9.3    17.5    64.3    72.2    17.0     6.6     6.8    11.8
    16.0    14.6     9.1     9.1    12.4    31.1    71.9    48.1    22.9     6.9     5.1    19.7
    37.6    22.4    13.9    10.8    21.6    19.2    46.1    78.6    38.4     9.0     4.5    22.4
    33.4    34.7    16.9    33.4    10.2    30.3    57.6    37.7     8.8     3.3     2.9    20.1
    16.3    10.9     6.4     9.6     8.8    30.4    51.9    28.0    12.9     3.4     3.6     3.3
     2.1     4.2    49.3    24.9    10.9    24.3    44.1    36.4    20.9     4.6     2.9     7.5
    20.2    38.8    16.6    10.9    10.5    22.0    55.4    58.0    40.1    12.6     7.5    10.6
    23.1    10.3    10.2    15.5     8.4    11.9    37.3    67.9    39.4     9.8     4.8    29.5
    36.9    25.5     9.7     6.6     8.7    31.9    77.7    63.0    33.8     6.4     5.0    20.0
    18.9    56.3     8.5     7.4    10.9    29.5    55.5    21.8     6.2     3.8     2.6     4.5
     9.9    19.6    13.6    19.2    12.3    29.3    55.0    18.2     4.3     4.3     4.3    19.7
    50.0    39.9    30.4    10.9    17.2    39.9    43.5    44.7    17.9     3.4    27.2    34.0
    56.1    32.6     7.4    12.3    15.5    30.0    46.2    36.4     8.4     4.3     4.6    13.3
    27.9    10.2    24.7    32.0    19.8    32.7    56.6    47.1     9.1     2.7     4.4    13.2
    15.2    21.4    28.5    15.5     8.4    39.0    29.3    25.5    11.9     4.2     4.1    13.1
    33.0    24.7    18.2    28.9    14.9    20.3    28.3    14.5     4.9     2.5     2.0     6.5
    21.1     9.8    16.0     7.4    11.0    19.8    46.9    71.6    45.0    12.4     9.0    13.5
    15.8    26.9    28.2    22.4    13.0    38.2    43.1    34.2    10.8     3.7     2.8     7.8
    14.8    11.9    11.1     5.8    11.9    35.2    48.8    29.0    12.3     2.0     2.0     9.6
    15.2    33.9    28.8    20.2    11.4    10.8    44.9    46.2    10.8     1.4     1.4    26.7
    21.2    42.2    32.3    37.0    23.4    17.1    31.9    23.9     6.2     4.5    13.8    17.6
    26.0    17.0    20.3     5.4     9.8    28.1    67.9    40.1     8.2     4.8     7.0    10.7
    10.3     8.1    13.2     9.1    16.4    23.2    48.4    42.7     8.8     3.1     5.2     7.6
    19.3     9.7    28.1    27.8    10.1    15.1    69.0    55.1    39.5     7.2     4.8    12.7
    24.5    16.9    22.0    37.9    47.4    23.8    78.3    64.8    31.4     9.1    12.7     6.7
    13.0    35.0    19.2     6.2    10.8    20.2    31.5    18.3     5.8     3.2     4.4     8.6


Station        	2
Station_id	KACHESS_RESERVOIR
Duration    1926    1973
     6.6    27.8    13.5    11.7    23.3    29.2    18.3     8.3     1.1     0.4     3.5    14.4
    12.3    19.2     8.5     7.9     7.1    22.4    45.8    52.0    14.2     3.6     8.9    18.4
    39.2    25.3    28.5     5.8    20.9    22.1    54.3    21.5     4.4     0.5     0.2    10.9
     6.3     5.7     4.3     3.8    11.9    16.0    44.7    32.6     7.9     0.3     0.2     1.0
     1.4     6.5     3.7    19.7    19.1    34.5    24.0    15.0     5.0     0.3     1.1     4.5
     8.0     4.8     8.6    12.5    21.8    24.3    40.5    17.8     5.2     1.5     1.2     5.8
    12.7     7.5    11.8    25.6    34.0    34.4    48.3    41.1    14.2     2.6     1.5     6.5
    48.1    27.3    24.5     8.0     7.4    20.0    38.9    57.9    28.4     6.9     8.5    27.8
    27.6    75.9    35.2    18.8    46.9    47.6    24.4     8.2     2.1     0.8     1.4    15.6
    28.8    19.1    39.0    13.9    15.7    16.8    45.6    35.8    12.1     1.7     2.5     2.2
     3.5     5.6    10.3     6.8    15.9    38.1    72.2    40.1     7.3     3.3     2.7     1.5
     1.5    14.2     5.1     7.4    11.3    21.0    44.9    49.1    12.4     4.1     1.0     2.3
    29.2    21.4    13.6     5.9    10.3    33.0    46.3    26.8     2.6     0.4     0.6     2.2
    11.1    19.5    22.8     9.2    15.0    30.1    39.9    20.5     7.8     1.5     1.7     4.1
     9.3    21.2     6.5    12.0    20.2    30.3    34.4    12.2     1.8     0.9     0.4     4.3
     7.3    13.3     6.4     4.6    17.2    23.2    17.4     8.2     1.6     2.0     7.0    11.9
    15.7    18.5     5.8     5.9     9.1    27.9    27.3    20.3     5.4     1.6     1.6     2.1
    16.0    18.1    12.5     8.4    13.5    41.0    44.7    43.3    16.2     1.2     0.5     2.6
     5.2    17.7     5.1     7.7    11.1    20.9    29.6    15.0     2.0     0.7     3.0     3.8
     6.6    11.4    27.4    16.6    10.5    16.8    47.8    22.3     3.0     0.3     4.8     8.0
    16.1    13.6    14.4     6.6    11.4    28.8    67.9    44.9    16.9     2.1     0.9    10.7
    10.1    34.6    21.8    16.6    24.1    33.7    38.8    18.8     5.0     1.4     3.1    21.8
    28.3    14.4    10.0    10.1     9.2    18.5    60.0    62.0    14.7     3.5     2.4     6.8
    13.9    14.3     6.7    11.4    11.4    32.5    73.6    42.6    18.4     4.0     2.0    12.9
    31.3    23.0    13.6     9.7    19.8    18.5    48.0    67.5    29.9     5.9     2.2    15.7
    28.4    31.9    17.7    31.8    10.7    31.8    54.5    31.9     6.1     0.4     2.7    14.0
    14.7    10.4     5.9     8.0     7.9    29.3    44.8    24.6     8.8     1.7     1.9     1.1
     1.2     4.0    38.1    24.6    11.8    23.5    41.6    33.2    18.4     4.0     2.8     5.2
    12.7    32.6    17.2    11.7     9.8    22.9    55.6    50.7    34.1     8.9     4.2     6.4
    17.9     9.6     7.4    14.1     8.4    12.3    37.5    60.4    29.6     5.6     3.1    20.5
    36.8    23.5    10.6     7.3     9.3    35.5    78.0    51.2    24.3     3.5     3.0    13.2
    13.4    49.3     9.1     7.3    10.0    29.1    53.3    19.1     3.0     0.7     0.7     3.4
     6.4    16.2    11.1    18.2    11.4    26.6    54.4    18.2     3.6     0.3     3.9    12.8
    41.6    37.0    27.4    10.7    16.8    35.5    40.2    39.9    14.0     3.8    18.7    28.8
    52.3    29.8     8.3    10.8    15.4    30.2    37.3    31.4     6.4     2.4     2.1     8.5
    22.2     8.4    20.8    29.1    20.2    32.2    50.4    42.3     8.6     1.7     2.3     9.1
    11.1    17.3    27.4    16.7     8.2    37.2    28.7    27.0     9.6     2.8     2.5     8.9
    28.0    21.5    14.9    24.7    14.7    17.1    26.5    13.0     2.5     0.6     1.6     3.5
    13.0     9.3    16.3     7.5    11.7    21.1    44.4    62.1    33.5     9.4     5.3     8.5
    11.0    23.2    22.8    21.7    15.3    35.6    38.2    30.2     7.6     3.2     2.1     4.1
     9.8     8.2     9.4     5.1     9.9    31.3    43.3    24.3     8.2     0.4     1.0     6.4
     9.9    28.1    25.3    18.4    11.3     9.3    39.4    40.9     8.8     0.5     1.2    20.7
    18.1    35.7    31.6    32.7    21.8    14.2    27.5    20.6     4.3     2.9     6.7    12.0
    21.5    16.4    20.3     5.5     9.5    28.4    62.0    37.2     6.4     1.4     3.6     5.0
     6.1     6.3    10.7     7.8    13.3    21.6    42.8    39.7     7.7     0.3     2.9     4.1
    13.2     9.2    25.0    26.2    10.7    15.6    66.1    48.9    32.2     6.1     3.3     6.8
    15.0    11.8    20.3    30.9    46.9    21.2    72.3    59.8    29.1     6.9     5.8     4.6
     9.1    28.5    17.8     5.2     9.8    16.3    26.9    15.6     3.8     1.0     2.3     4.9


Station        	3
Station_id	YAKIMA_RIVER_AT_EASTON_DIVERSION_DAM
Duration    1926    1973
    21.0    82.2    41.2    37.4    70.2    79.3    49.8    18.5     9.0     5.6    10.8    42.3
    37.9    57.9    28.1    21.6    27.0    66.9   138.4   139.2    36.5    10.2    21.8    53.8
   121.5    80.4    85.9    20.2    64.8    65.6   157.5    56.8    17.6     6.7     3.4    31.5
    20.5    17.6    11.7    10.8    34.7    46.7   142.9    91.9    29.5     8.2     4.5     3.6
     6.7    19.1    18.2    56.8    57.8   108.1    74.8    40.4    15.5     8.3     5.0    16.6
    23.5    13.7    25.9    34.6    57.3    75.0   127.3    46.6    10.5     1.6     3.0    18.1
    39.3    26.7    41.5    55.1    95.1   102.7   144.3   114.2    41.5    14.3     8.0    24.1
   148.1    76.9    77.6    24.1    26.2    57.6   127.3   167.0    79.4    21.2    23.1    85.5
    82.9   239.7    95.1    68.7   133.9   125.0    63.9    22.5     7.2     4.8     7.5    50.4
    85.0    61.6   115.5    51.7    48.0    51.5   129.5    97.7    34.2    11.7     9.2     9.9
    15.3    18.6    31.2    22.7    47.6   115.7   219.9   111.8    25.3    10.6     7.1     8.3
     6.7    44.4    16.4    20.5    35.1    64.8   134.7   138.7    35.5    10.9     5.9     4.1
    90.0    66.4    44.7    18.4    33.3    96.6   141.1    73.7    13.8     4.8     6.1     9.8
    39.3    63.6    73.5    27.6    43.9    86.0   114.9    60.2    24.2     7.1     9.4    17.4
    29.1    65.2    19.9    37.5    58.4    83.7    94.4    28.5     7.5     6.2     6.4    13.4
    24.5    42.6    18.6    15.3    43.6    61.7    44.3    22.0     9.1     5.8    19.8    39.6
    47.3    55.1    16.7    16.7    26.1    80.7    81.1    65.6    21.9    14.0     5.6    11.5
    50.4    57.2    38.9    21.1    37.2   127.0   147.3   150.7    53.4    15.2    11.0    15.4
    18.2    58.0    15.9    24.1    34.5    58.7    91.8    41.8    14.1    23.6    20.2    12.7
    22.0    31.7    89.7    52.0    26.5    41.5   137.7    62.9    23.0     8.0    15.6    27.5
    49.3    42.0    42.3    18.3    36.9    86.9   198.9   134.0    48.8    12.0     6.5    35.0
    26.1   115.6    64.7    52.5    73.8    99.8   110.4    52.1    21.7    15.7    15.7    69.7
    95.7    55.6    30.8    30.2    33.7    60.6   185.0   171.0    39.1    13.0    10.2    25.7
    40.7    39.8    23.4    29.8    41.2   108.7   228.0   129.9    50.7    16.5     9.8    46.4
    97.9    73.8    42.2    31.2    66.2    65.8   152.5   212.0    92.4    23.9    12.9    49.8
    99.7   103.2    58.4   101.4    38.5    98.3   167.6    85.8    28.4     6.5     8.7    43.2
    42.3    30.6    17.0    24.1    25.2    86.7   136.4    67.4    29.5     7.9     5.2     7.0
     4.2    10.3   112.6    77.9    34.9    68.0   122.9    92.4    47.1    12.2     8.0    19.4
    38.8   108.1    47.5    36.7    32.5    67.6   159.3   144.3    90.4    25.6    12.8    22.5
    50.1    27.3    26.1    46.6    24.9    35.3   114.5   180.8    88.3    21.3    11.3    66.3
   109.4    75.9    31.2    18.5    24.9   108.9   244.1   166.2    68.7    12.5     9.6    41.2
    40.0   159.9    26.8    19.6    29.4    86.8   153.7    52.4    12.8     6.7     3.4    11.1
    19.1    45.2    32.5    57.0    37.5    81.3   147.7    43.6    10.8     7.8    10.1    42.7
   131.4   113.9    89.6    35.2    53.8   107.9   120.2   105.2    35.1    10.5    55.0    91.2
   163.1    91.0    21.1    31.9    45.0    87.2   112.7    88.6    21.7    11.7    10.3    27.8
    65.6    25.2    61.3    89.2    61.9    98.7   150.6   119.3    26.7     7.2     9.9    33.0
    33.3    50.7    85.1    53.6    24.5   111.6    83.7    72.7    28.7    11.1     9.9    29.0
    80.6    67.4    51.2    74.5    45.8    53.3    76.0    36.7    16.0    10.8     7.4    14.8
    40.4    24.8    41.4    22.2    35.7    68.0   141.8   190.0    95.6    29.8    20.8    27.7
    34.0    71.3    77.9    73.4    47.7   105.9   115.1    85.1    25.4     3.7     9.3    18.7
    28.0    25.3    25.2    14.9    30.5   101.3   121.5    67.2    23.2    -3.6     4.9    18.0
    31.8    88.7    83.2    60.5    36.1    31.7   122.0   114.1    27.8     8.3     6.4    60.6
    55.1   111.6    94.9   103.5    70.6    48.7    84.0    64.6    26.4    15.6    25.7    42.6
   101.2    76.2    85.4    24.9    48.7   143.3   321.6   203.4    45.9    24.0    28.4    37.8
    34.2    29.3    42.1    36.6    64.7   100.0   223.4   209.8    56.1    23.3    20.1    27.8
    53.7    36.1   110.5   129.5    51.0    85.4   341.3   258.8   178.1    55.6    31.0    41.7
    75.3    60.4    85.9   138.8   232.2   133.2   377.5   330.7   158.9    55.3    45.5    32.7
    45.9   119.3    83.1    31.8    47.9    84.8   145.1    88.9    38.6    20.7    24.3    27.8


Station        	4
Station_id	CLE_ELUM_RESERVOIR
Duration    1926    1973
    12.5    59.0    32.2    22.0    60.3   101.1    72.1    34.8    15.1    10.1    10.4    42.5
    32.5    46.2    19.5    12.9    16.1    63.1   141.6   197.8    65.0    20.7    21.5    57.7
    87.6    58.5    66.8    18.0    47.3    62.9   207.3    99.6    40.8    13.2     8.9    31.0
    14.9    12.0     8.8     6.9    25.9    44.0   146.1   111.9    41.0    15.1     6.6     6.4
     5.0     9.5     6.7    35.8    46.0   112.2    86.4    59.1    29.4    11.0     6.8    14.3
    16.4     9.3    20.2    29.8    43.3    68.0   144.7    71.7    23.5     7.5     8.9    39.8
    34.7    14.7    33.3    70.4    94.4    95.4   166.4   154.9    63.1    23.0    12.1    19.2
   111.6    64.8    43.7    14.0    17.4    78.2   129.8   204.8   128.6    39.9    26.7    88.1
    83.2   161.6    71.3    43.0   108.8   179.3   126.4    65.0    30.2    14.6    10.6    34.9
    84.7    39.0    89.3    44.6    34.1    50.4   157.7   141.4    61.8    21.7    16.1     8.3
     8.3     8.5    15.6    10.1    29.4   118.0   234.1   137.8    41.0    11.4     7.7     7.2
     4.1    22.1    10.0    11.1    24.0    49.9   153.1   186.8    60.0    15.2     6.6    12.3
    56.5    46.7    30.4    13.6    24.0   101.7   175.3   133.9    41.0     8.9     1.8     9.5
    20.6    37.0    45.2    18.4    35.7    95.1   148.6    81.2    47.3    13.5     4.9    11.6
    26.2    54.6    17.6    23.7    48.3    92.3   131.4    68.5    21.9     8.7     3.6    16.6
    16.5    32.1    14.7    11.4    50.7    84.6    72.0    40.7    14.1    11.3    24.0    38.2
    44.1    52.8    14.6    12.2    20.5    86.3   103.0    77.3    35.4    12.7     7.9     4.9
    29.4    36.2    30.6    18.2    30.8   118.4   145.8   169.2    92.1    24.5     8.4     9.1
    11.8    39.2    11.4    15.9    28.9    61.3   109.1    66.5    20.3     8.2    18.4    15.3
    18.6    30.1    62.1    40.3    22.5    42.3   162.4    95.3    41.3    14.3    19.4    19.7
    32.9    24.6    27.7    13.5    22.6    82.2   230.7   156.1    75.3    22.1     9.5    25.6
    20.6    69.9    39.6    41.8    57.5   101.8   173.4    98.1    42.3    16.9    14.7    66.5
    66.7    36.4    21.7    19.0    20.7    51.5   202.0   234.7    64.7    24.3    10.5    24.5
    24.8    27.2    12.4    19.1    29.4    93.6   239.1   150.5    68.3    22.1    15.6    34.3
    92.0    55.7    27.6    18.6    42.1    49.5   153.9   245.5   130.1    42.2    14.8    46.4
    67.8    77.2    38.5    78.0    26.2    99.8   191.2   140.2    55.5    19.4    10.4    40.3
    36.3    24.2    13.3    17.3    18.6    88.8   152.4    96.1    52.4    17.8     8.0     3.7
     5.2     8.5    69.3    59.3    28.2    62.5   148.9   128.3    92.3    30.4    11.9    16.1
    30.1    61.7    32.3    21.6    25.8    57.2   183.0   177.1   146.3    51.1    23.8    20.9
    53.7    25.0    16.8    27.7    16.6    30.7   113.9   220.4   110.5    37.6    16.9    47.7
    98.8    56.3    23.8    12.9    19.7   106.5   252.1   190.4   114.4    30.7    17.1    38.9
    35.5   111.2    21.0    15.4    26.2    74.1   202.8    92.7    32.1    15.5    10.2    10.9
    14.5    27.2    21.2    31.1    36.4    61.6   215.2    94.9    27.3    10.7    17.2    35.0
    87.1    88.8    60.7    25.5    31.6    94.0   141.1   163.2    79.0    27.6    49.0    80.4
   131.8    83.3    19.4    20.0    36.7    77.2   120.0   129.7    48.4    16.7    10.0    18.0
    40.8    18.2    44.2    61.1    51.0    80.6   168.4   188.3    53.1    16.5    14.7    25.4
    21.8    30.7    71.0    40.3    20.5   106.7   100.1   127.1    54.3    20.6     9.7    25.6
    77.5    50.0    34.5    62.1    37.6    44.3   108.7    77.1    28.2    15.1     8.0    11.6
    27.2    22.4    33.2    16.4    20.3    48.1   129.6   223.2   118.8    38.9    18.0    26.2
    21.0    49.0    43.8    46.7    37.5    99.4   133.9   133.3    51.4    19.5    10.8    14.5
    30.0    20.3    17.2    10.7    23.4    84.4   152.3   101.3    52.8    15.7     6.6    19.4
    21.8    65.5    44.9    37.1    22.5    25.3   136.5   185.6    57.8    16.0    10.0    58.6
    58.5    78.7    82.5    73.4    59.8    37.3   114.4   112.2    47.2    21.8    25.3    33.4
    55.1    36.1    44.6    14.0    22.9    74.3   205.9   159.9    33.2     9.6    12.8    23.7
    21.2    15.1    18.4    16.1    28.0    49.1   139.9   161.0    51.8    19.7    13.3    11.8
    24.3    18.9    47.3    62.8    24.8    44.9   207.5   179.8   133.1    42.2    16.9    20.6
    35.6    25.9    37.1    65.6   115.7    68.0   227.9   241.2   133.7    48.8    27.3    18.8
    21.2    51.0    43.7    16.1    21.6    48.1    98.2    73.5    35.4    17.3    12.7    18.6


Station        	5
Station_id	YAKIMA_RIVER_AT_CLE_ELUM
Duration    1926    1973
    36.0   152.2    82.3    70.3   152.6   199.5   128.8    57.4    26.8    18.2    24.6    89.8
    76.8   115.0    55.1    40.1    55.0   154.4   307.0   357.5   105.2    32.9    45.5   120.5
   229.0   159.2   172.4    44.9   134.6   150.2   391.5   166.8    62.6    22.0    14.2    64.9
    38.7    32.6    22.7    20.9    72.1   105.4   316.0   218.4    76.3    30.0    14.2     9.9
    13.2    31.6    30.1   103.4   124.3   255.6   174.7   105.3    47.6    24.8    13.7    33.5
    43.0    24.7    49.1    71.1   114.1   166.6   296.2   124.2    33.2     6.1    10.7    59.9
    78.1    48.0    82.9   131.5   218.4   232.6   336.2   283.0   109.7    41.5    23.6    47.6
   282.3   153.9   140.3    44.9    54.1   154.5   285.9   402.5   216.2    67.2    55.1   188.8
   179.9   448.4   233.1   138.0   282.0   332.3   199.9    92.5    38.8    22.4    23.4    94.0
   183.6   113.2   230.6   115.3    99.9   120.9   309.6   253.1   100.9    39.9    29.3    20.3
    27.0    29.8    52.5    40.2    93.7   274.7   495.4   268.5    72.4    26.2    16.5    18.2
    12.1    71.0    30.1    36.6    70.9   135.3   312.7   348.5   100.9    29.9    15.9    13.1
   158.3   125.2    86.7    37.8    70.6   226.1   343.6   221.8    57.9    15.6    14.0    21.9
    66.9   110.4   135.3    53.7    94.4   206.7   281.1   151.4    75.5    23.2    21.7    33.7
    58.9   128.7    41.6    69.6   122.2   195.3   239.6    99.6    29.9    16.5    16.4    32.7
    44.3    81.2    36.2    29.9   103.1   159.8   126.8    69.4    27.2    17.2    48.2    82.7
    96.5   116.4    38.9    34.6    54.3   189.8   197.5   153.1    60.0    21.9    15.9    18.3
    86.2   102.1    83.0    49.0    85.6   283.4   300.6   310.1   156.8    41.5    21.3    29.5
    35.3   103.0    32.4    45.4    72.5   130.9   211.0   114.4    36.5    19.5    37.6    31.7
    44.5    70.0   157.7   100.5    59.5   106.5   327.3   165.2    54.1    23.3    38.1    57.1
    89.6    72.3    78.9    36.5    73.6   192.5   466.3   302.8   124.8    40.1    24.7    65.4
    51.1   211.3   115.5   107.7   153.1   220.5   293.0   144.6    62.1    35.5    32.1   139.6
   169.5    98.4    60.0    55.5    63.1   126.5   406.4   468.0   107.4    43.2    36.5    58.1
    71.4    76.3    54.4    57.3    86.4   244.1   510.3   299.0   132.6    49.2    37.9    86.6
   195.4   138.9    79.2    63.4   118.3   144.8   353.6   480.5   235.9    78.4    29.4    99.1
   178.6   195.0   103.2   189.9    79.3   233.4   387.5   234.9    82.9    47.3    32.8    94.2
    83.5    60.1    34.5    51.1    58.7   206.6   314.5   175.9    87.7    30.6    23.9    20.4
    11.7    21.1   190.4   156.0    75.9   153.5   297.9   234.8   144.9    49.0    24.0    45.3
    70.4   189.4    92.1    65.7    73.0   147.6   381.8   334.7   249.8    85.0    41.6    51.8
   111.4    60.3    50.0    84.7    52.0    81.4   259.0   423.0   208.6    61.6    36.8   127.9
   224.8   141.0    63.4    37.8    54.4   265.0   535.4   361.8   188.8    48.4    33.9    90.2
    84.0   298.5    66.1    43.4    69.0   192.0   379.0   151.6    45.0    31.6    25.7    30.7
    38.5    82.3    64.0   102.7    87.7   164.6   387.2   148.6    41.7    20.6    37.3    86.0
   244.8   232.0   179.5    76.8   101.7   227.1   278.9   292.5   130.6    43.9   114.4   186.4
   319.1   204.4    58.3    63.7    98.8   187.4   256.3   231.9    77.4    36.8    29.1    52.2
   112.1    49.8   111.9   170.6   136.5   207.6   356.9   320.6    86.5    28.8    31.5    68.2
    59.6    93.6   178.3   111.9    54.6   257.6   210.3   210.0    88.3    42.4    33.2    60.3
   169.8   132.4    98.9   160.5    98.0   119.2   206.6   132.9    57.3    39.4    20.9    31.6
    75.3    54.4    83.4    46.9    69.7   140.6   305.5   442.0   238.5    80.0    47.2    59.1
    61.9   134.3   146.3   152.9   114.7   243.1   281.6   231.2    95.0    44.3    25.6    23.4
    61.8    50.0    46.8    28.4    62.7   207.5   308.4   185.7    87.1    38.9    27.5    51.0
    58.5   165.4   146.9   119.8    71.9    75.8   292.6   326.7   106.4    42.4    24.4   128.8
   122.8   209.2   199.0   204.5   155.8   102.7   212.3   190.7    82.9    46.7    59.5    85.4
   133.7   102.1   112.5    33.4    66.5   195.6   437.1   279.5    64.9    34.8    39.2    51.2
    45.0    38.3    53.2    48.5    85.9   133.4   303.2   286.6    80.1    35.4    27.4    37.6
    66.5    46.6   145.1   175.0    69.3   118.4   465.6   352.2   242.3    81.2    44.9    55.1
    97.0    79.5   112.3   181.1   315.3   186.4   514.3   455.0   218.2    79.0    61.8    45.6
    60.3   153.0   110.9    44.1    64.4   113.9   197.4   122.1    56.2    30.7    34.9    36.5


Station        	6
Station_id	YAKIMA_RIVER_AT_UMTANUM
Duration    1926    1973
    37.9   177.6   100.8    85.6   192.9   248.9   153.7    62.7    25.2    25.0    30.4   101.6
    91.1   137.1    71.4    55.9   103.9   249.8   402.7   412.5   118.1    41.9    60.6   145.5
   265.0   223.2   246.4    68.0   202.6   223.0   466.6   190.9    68.1    29.7    26.9    79.7
    50.2    38.4    27.9    25.5    94.3   136.0   366.5   244.7    73.4    33.9    21.5    23.2
    15.5    33.0    30.8   107.7   136.5   313.8   205.0   124.4    51.8    40.1    50.3    50.4
    49.2    29.8    60.6    87.7   138.3   202.9   322.0   147.9    41.8    25.0    33.8    74.2
    92.0    49.2   108.7   170.6   342.4   341.9   426.9   332.8   124.8    53.2    40.6    71.5
   325.9   187.9   171.3    62.2    94.2   269.1   386.2   494.7   260.2    90.3    78.9   221.8
   220.5   650.4   379.1   226.0   424.5   464.2   258.5   117.3    59.7    42.3    48.6   125.1
   231.3   149.7   317.6   184.0   154.6   213.8   430.8   322.9   124.5    59.5    51.0    48.9
    42.1    40.1    67.0    70.2   163.4   459.4   610.1   340.4    97.4    51.2    46.9    48.8
    23.3    86.5    45.9    50.0   127.4   221.9   415.9   450.1   130.8    64.4    45.9    38.4
   190.0   167.3   131.8    63.4   165.9   387.3   464.8   277.6    80.0    44.8    48.6    51.4
    84.7   133.0   168.4    73.0   157.8   286.1   350.8   190.5   101.5    53.0    51.2    62.0
    73.4   153.3    59.7    99.4   186.1   266.4   308.3   134.4    61.1    45.0    53.9    60.0
    63.3   109.1    53.9    62.3   168.7   231.7   169.0   106.6    48.1    54.3    83.7   110.8
   123.6   152.9    59.5    62.6    94.2   272.5   266.1   196.8    93.6    47.7    45.4    49.0
   114.4   145.4   126.3    85.9   150.8   459.5   403.1   393.5   192.1    74.2    56.0    60.5
    51.4   120.5    42.3    56.9    98.3   175.7   257.2   154.7    59.9    47.6    75.4    59.9
    59.3    86.5   190.4   139.5    86.3   167.4   421.3   214.4    83.9    60.9    72.1    82.0
   108.9    95.4   107.5    60.3   142.1   316.9   622.1   383.3   171.1    76.0    64.5    93.8
    68.9   276.2   154.0   166.4   241.4   307.9   384.7   204.3    96.5    70.3    70.2   183.8
   208.3   131.4    85.7    83.3    99.6   215.9   601.8   593.8   149.4    89.5    65.7    85.9
    95.3   100.6    71.8    79.9   207.4   432.3   703.5   374.8   164.5    84.5    70.2   112.3
   232.6   169.8    92.9    81.6   210.3   256.1   523.7   637.0   256.7   105.7    66.7   134.2
   219.7   280.1   147.9   296.8   158.6   406.5   567.0   321.3   121.9    68.6    67.4   131.8
   112.3    88.2    53.5    77.6   111.0   302.9   404.3   227.3   114.7    65.8    53.6    49.5
    26.2    33.3   242.1   228.0   124.9   239.2   438.6   317.4   185.2    93.0    60.1    74.9
    90.8   223.5   129.1   122.8   131.0   244.4   551.4   437.8   301.3   123.5    84.8    88.7
   141.1    85.5    68.2   108.4    75.1   141.1   394.8   552.7   259.6    96.3    63.1   165.5
   271.0   200.4   108.1    69.1   187.2   538.9   783.5   486.7   232.7    94.2    76.9   129.5
   111.2   359.5    84.2    65.4   132.8   295.2   517.9   205.3    77.9    71.5    58.4    66.0
    56.9   105.1    87.5   164.8   148.2   260.0   523.1   203.3    70.4    54.2    74.6   116.2
   297.4   302.8   261.9   130.7   178.4   347.8   404.5   380.2   160.7    75.7   162.3   225.2
   382.5   262.5    86.0   100.8   175.9   301.0   368.5   300.3   106.4    78.0    73.9    87.9
   140.2    72.1   143.4   243.5   239.1   329.1   507.7   421.3   126.5    71.1    73.0   101.4
    80.3   110.2   236.1   163.0    93.8   363.8   287.5   278.1   127.8    88.3    72.3   105.3
   218.5   186.4   136.6   236.5   150.9   188.7   279.6   180.3    94.8    84.6    67.3    63.9
    94.2    73.1   103.0    71.8   103.0   213.5   418.5   570.5   276.7   120.3    89.1   109.8
    78.4   159.5   197.6   251.1   191.1   363.2   388.9   309.5   126.3    85.6    76.5    79.2
    82.4    69.1    62.7    46.4   122.5   307.0   376.2   237.0   128.8    67.4    71.9    84.3
    79.8   208.5   183.7   164.2   103.8   122.1   412.9   416.5   131.4    68.6    63.3   170.3
   152.3   257.4   264.7   289.4   238.5   136.7   286.1   232.3   110.8    93.2   107.6   122.2
   164.1   127.9   149.0    54.5   160.4   332.8   581.4   349.8    99.8    68.1    84.9    84.7
    60.6    55.8    75.1    95.7   142.9   188.3   423.8   360.6   109.6    70.0    77.6    72.0
    88.2    67.0   206.2   254.4   109.4   197.0   639.9   444.6   274.8   103.5    83.4    86.0
   118.8    98.6   153.6   269.0   534.5   305.0   773.8   598.1   275.8   124.2   114.6    77.8
    80.6   187.9   147.7    66.8    94.8   144.1   254.7   163.1    80.9    59.8    63.5    59.0


Station        	7
Station_id	BUMPING_RESERVOIR
Duration    1926    1973
     2.4    13.4    11.4     7.7    11.9    27.3    22.4     9.2     3.5     1.9     2.7    10.8
    10.8    17.2    14.8     8.3     7.1    14.9    44.0    71.9    25.1     6.4     4.6    12.2
    24.6    16.9    23.2     7.2    15.6    15.7    65.4    35.4    11.7     4.4     4.7     4.7
     6.3     4.6     3.3     2.6     4.0     7.0    37.2    38.7    11.7     4.8     2.5     2.0
     1.5     4.0     2.8    13.4     8.2    28.7    30.8    24.1     6.8     4.1     2.1     2.1
     3.6     2.7     7.1     9.5    10.0    18.4    50.3    18.9     5.8     4.0     1.5     3.0
     8.3     5.7     7.9    12.8    20.6    21.7    49.5    59.1    22.8     7.3     5.3     3.7
    27.4    17.7    11.7     5.6     6.0    12.4    32.7    78.8    55.7    13.9     8.3    19.4
    20.7    66.0    36.4    16.1    35.1    52.4    40.2    18.7     7.6     3.8     3.2    14.7
    36.2    14.3    18.2    15.5    12.9    12.8    45.6    60.0    19.4     5.8     6.5     3.3
     3.1     3.4     4.8     3.1     5.1    25.4    71.0    52.6    11.3     5.9     4.8     2.8
     1.8     5.7     2.8     2.6     3.5    11.7    40.3    68.7    23.0     7.0     2.9     4.2
    21.2    21.5    16.6     7.2     6.2    25.9    57.7    54.0    14.0     5.5     2.5     3.8
     4.8     8.7     8.2     4.6     7.4    24.9    48.4    31.8    13.8     5.0     3.5     2.6
     3.6    17.1    10.8    10.2    16.0    26.2    41.6    19.0     6.8     3.4     2.0     3.2
     6.0    10.9     6.6     5.3    10.0    21.1    24.9    11.8     4.9     2.6     2.9     5.1
    11.3    22.0     7.8     4.3     4.8    20.6    30.5    26.2     9.0     4.7     3.5     2.2
    15.1    14.1     9.3     6.1     8.6    33.1    39.9    58.9    35.9     7.5     4.1     3.5
     5.4    11.7     4.5     5.5     8.3    13.0    31.3    20.8     6.1     5.0     2.3     2.3
     4.2     6.3    16.5    13.7     6.4     8.2    52.0    34.4    10.5     4.6     5.8     3.4
     7.1     8.4    12.1     4.4     5.7    18.5    64.7    61.3    32.5     9.1     4.0     7.0
    12.8    28.2    10.0    13.2    12.9    27.0    51.8    29.9    11.7     5.5     4.9    23.0
    17.3    13.0     9.5     7.9     9.5     8.4    48.7    72.3    19.5     6.9     4.5     6.5
     7.6     8.2     3.3     6.1    11.7    18.7    69.5    59.8    31.0     9.4     4.6     8.0
    28.7    16.2     9.3    12.3    19.1    17.3    38.7    78.1    54.4    14.7     6.1    13.3
    24.3    35.4    19.1    24.5    11.3    24.8    58.7    50.3    19.4     6.7     3.6    11.7
    10.1    10.5     5.5     7.5     5.2    22.3    52.8    38.8    14.7     3.5     2.7     1.8
     1.9     2.7    29.4    18.9     7.3    12.7    40.8    46.1    36.6     7.9     3.7     3.9
     9.2    20.9    10.8     6.7     8.7    16.7    53.1    56.0    52.3    14.6     6.5     8.2
    15.6     9.5     6.7     5.6     5.2     4.9    23.9    68.2    34.8     9.1     5.3    19.1
    29.5    24.9    12.0     6.2     5.8    22.0    70.3    72.2    48.8    10.4     5.8     8.5
    10.9    24.6     7.2     7.2    10.6    17.3    68.1    38.3     9.6     4.3     2.8     4.4
     5.3     7.6     9.8     9.9     9.0    16.5    73.9    39.2     9.3     4.1     3.2     5.6
    29.9    35.6    19.9     8.6     7.3     1.9    36.9    53.8    20.8     6.0     9.0    20.2
    25.8    22.9     8.6    11.6    10.8    23.5    37.1    47.7    14.4     4.6     3.1     4.3
    16.3     8.1    17.4    22.6    13.0    19.0    47.7    70.8    20.3     6.2     4.4     5.9
     6.6    13.3    17.8     9.0     5.7    26.6    28.8    42.3    19.2     7.0     3.9     6.5
    22.7    19.3     9.8    25.7    11.3    11.9    31.0    26.5     8.3     4.0     2.8     3.4
     8.3     9.4    12.0     5.7     4.6     8.2    28.3    72.2    41.3    11.9     5.2     5.9
     8.9    24.5    13.8    14.6     9.5    28.3    42.2    44.8    14.9     5.6     3.6     3.8
     6.3     6.8     5.6     3.3     5.3    21.0    48.0    33.7    14.8     4.7     3.4     3.7
     7.7    22.9    11.6    10.4     6.9     6.5    38.6    69.0    22.2     5.2     3.4    14.5
    16.5    14.0    22.2    31.9    21.8    11.2    34.8    27.3    19.9     6.2     5.8     8.8
    19.2    10.3    15.4     4.5     5.6    16.9    67.1    48.9     8.8     3.5     4.5     5.8
     7.1     5.4    12.0     7.1     9.4    10.1    40.2    56.5    15.0     4.1     3.2     3.7
     9.2    11.6    13.2    17.5     9.1    10.5    53.9    60.5    49.3    12.5     6.3     6.5
     8.2     6.4     8.0    14.6    36.8    17.0    60.5    78.0    47.5    15.9     8.9     6.8
     7.7    22.9    17.8     6.0     5.6    10.8    30.4    20.3     6.6     3.3     2.3     4.4


Station        	8
Station_id	NACHES_RIVER_AT_NACHES-SELAH_DIVERSION
Duration    1926    1973
     2.6    36.5    26.2    24.1    60.0   106.5    76.0    33.0    14.0    13.5     2.5    22.0
    29.5    58.0    30.3    26.3    36.0    95.2   181.9   241.5    83.5    26.4    19.6    40.9
    76.4    75.0    84.0    24.6    66.6    72.9   239.0   106.3    44.8    13.9     8.4    21.9
    13.9    11.1     6.1     4.2    20.0    33.8   145.3   122.3    45.4    13.9     7.4     6.0
     2.3    11.5     6.2    36.2    42.4   123.0   101.4    73.6    29.3    14.0     7.5     6.4
     7.1     4.5    17.0    22.1    29.8    77.7   165.3    59.6    17.7    10.5     6.2     7.0
    14.9    14.2    21.2    41.4    84.0   104.2   187.0   165.2    65.9    20.6    10.8    11.1
    84.0    51.9    35.1    15.1    22.2    98.0   161.0   263.5   152.5    42.7    22.3    46.3
    56.0   302.0   178.0    80.4   151.5   187.0   125.4    64.0    32.2    17.8    23.9    33.8
    99.2    57.2    82.8    64.6    45.5    76.6   195.0   178.4    67.6    20.9    16.5     9.3
     7.8    10.5    14.4     9.6    27.0   144.4   253.0   163.0    43.2    18.7     9.6     7.7
     4.3    10.1     7.8     7.9    20.7    67.9   181.6   213.0    73.7    24.8    13.3     8.7
    50.5    62.4    62.5    26.7    46.0   150.0   235.0   176.0    52.8    20.2     9.5    13.6
    14.8    26.6    25.3    14.0    40.8   107.6   145.7    81.4    36.7    12.4     8.2     7.3
     8.9    39.6    24.7    31.6    65.6   106.5   154.6    66.6    21.8    10.8    10.9     8.1
    15.0    30.8    17.2    15.6    45.6    86.5    85.6    45.4    17.4     8.5    11.0    16.2
    29.7    66.1    18.6    13.8    23.0    99.1   110.5    95.0    38.6    14.6     7.8     5.4
    38.5    46.7    36.6    26.1    46.2   197.0   178.0   201.7   112.5    29.2    14.2    14.4
    16.3    29.2    13.6    15.8    28.7    50.1    99.1    69.2    22.9    11.4     8.3     7.4
    10.9    15.6    43.9    44.6    23.0    48.4   180.0   106.0    35.0    13.3    12.4    10.4
    21.3    25.1    32.4    16.5    35.0   111.5   263.0   172.7    91.3    27.6    16.1    18.4
    31.8   100.0    36.1    56.0    78.0   124.7   202.1   108.3    43.4    19.3    15.3    60.9
    63.4    46.1    35.2    32.4    36.3    75.0   240.8   280.0    77.5    28.3    16.8    22.7
    22.9    23.8    11.2    21.0    48.5   144.2   306.5   194.1    86.2    31.7    18.7    21.4
    70.1    48.8    28.1    31.7    69.0    95.2   223.2   294.3   167.0    45.7    20.7    41.7
    82.9   127.1    68.5   108.1    57.1   161.0   259.0   166.0    62.3    23.9    14.9    33.0
    27.6    32.6    17.8    31.1    31.1   122.9   181.0   118.8    55.7    18.8    10.0     7.1
     5.7     8.4    76.5    67.9    35.2    73.7   177.5   155.7   105.8    31.0    15.8    15.4
    21.6    61.4    39.4    32.5    45.3   100.5   209.5   197.0   157.0    50.7    24.0    25.0
    38.6    25.1    19.7    19.3    17.3    30.6   127.2   242.0   101.8    31.6    18.4    47.3
    94.6    91.3    42.0    24.2    40.5   195.0   358.0   266.0   144.4    40.5    20.7    22.0
    29.2    76.9    22.9    22.9    44.6    98.9   253.5   111.8    36.7    18.8    10.8    15.0
    14.5    23.0    27.8    48.1    47.8    92.6   273.5   126.0    38.4    16.8    16.3    19.6
    98.2   123.5    90.8    43.5    40.9   109.5   150.1   173.0    70.8    22.5    28.3    60.6
    92.1    70.9    29.2    38.8    58.3   119.6   142.8   153.1    51.3    19.1    13.1    14.8
    36.6    22.5    48.4    81.6    69.5   115.7   206.0   234.6    68.6    26.3    18.2    15.9
    16.4    28.2    58.4    40.4    24.9   128.9   110.6   138.5    61.2    25.4    14.2    23.7
    73.3    77.5    33.1   103.3    53.5    70.8   133.8   102.0    34.8    18.2    13.0    12.6
    22.2    24.4    34.3    23.0    22.2    55.3   134.7   238.4   116.7    36.6    17.8    20.0
    20.4    65.3    73.2    85.2    67.9   149.5   171.8   160.9    60.5    25.4    14.2    12.0
    18.8    16.0    13.5     9.4    25.8   108.8   190.4   114.7    54.2    18.7    12.4    13.5
    19.8    62.5    42.4    43.7    32.2    40.6   189.1   232.2    74.6    22.1    12.3    39.9
    45.0    55.5    81.9   123.3   103.1    50.0   122.3   114.1    45.5    23.8    21.2    24.5
    53.4    23.7    49.4    16.9    30.3   105.0   270.9   160.2    28.2     3.2     3.4    13.3
    19.4    10.7    28.8    20.8    38.0    52.3   182.1   193.8    36.3     1.8    -2.3     4.1
    19.6    19.5    42.6    78.6    24.7    62.0   259.5   203.9   132.4    32.7    10.3    18.6
    14.6    13.5    20.8    56.1   207.1   103.9   297.3   309.4   140.9    40.0    18.6    17.7
    14.7    50.3    45.2    15.3    15.3    39.5    87.9    53.6    12.9    -0.8     2.8     8.3


Station        	9
Station_id	TIETON_RESERVOIR
Duration    1926    1973
     4.7    23.1    13.8    15.2    22.6    40.4    38.9    25.6    19.2    21.9     6.6    16.9
    16.0    25.4    15.2    16.0    16.9    30.1    61.9    95.5    43.8    20.1    16.9    28.3
    34.6    28.6    39.2    14.7    28.9    30.1    87.5    52.3    32.3    17.7    10.9    15.1
    11.2     9.6     8.3     6.6    10.9    15.1    54.5    59.6    35.2    18.7    11.7     8.0
     2.8    11.0     8.1    21.4    21.5    44.6    42.6    38.1    26.3    22.2    13.2     9.6
     6.9     4.9    11.6    11.7    15.3    33.2    65.7    36.3    17.1    15.4     8.9     9.8
     9.1     9.8    12.8    18.5    36.4    36.0    64.4    71.2    38.5    19.2    11.9    13.0
    42.9    25.1    19.1    10.9    13.5    32.2    54.4   102.3    68.8    27.5    16.5    32.2
    30.1   131.3    73.7    32.4    53.8    63.8    52.4    34.6    28.4    18.1     9.4    19.0
    46.4    25.4    29.1    24.6    20.9    25.3    60.9    71.7    40.8    16.4    13.0     9.4
     3.3     8.0    11.0     7.4    13.6    43.6    87.2    73.7    32.3    16.7    10.3     9.1
     5.5     5.7     7.4     7.2    10.7    26.2    58.7    88.2    44.6    23.8    13.7     7.0
    25.2    29.2    29.0    14.2    17.3    48.1    81.0    80.0    35.5    17.4    10.3    10.9
    11.2    17.5    14.2    11.0    18.6    37.3    56.1    39.6    27.7    14.5    10.0     9.5
     9.3    21.4    14.3    18.0    27.0    36.1    56.2    34.2    19.2    12.9    14.8     7.0
    10.1    18.0    11.6     9.7    17.5    31.2    35.5    26.5    17.3    13.3    14.4    12.7
    16.8    32.7    13.1     9.7    12.1    32.3    44.4    43.5    29.0    16.0    11.3     6.8
    21.8    25.5    19.4    15.2    18.9    60.2    59.7    77.8    60.8    22.8    14.3    13.3
    12.5    15.9     9.7    10.7    15.6    19.6    37.8    34.0    19.4    12.1     9.3    10.0
     9.8    11.7    23.1    22.1    12.5    18.2    60.3    47.2    23.9    12.5    10.7     9.8
    13.5    14.2    18.2    11.0    17.5    34.7    89.0    68.7    49.6    20.9    12.6    14.1
    24.6    52.7    20.8    25.2    28.1    41.1    75.2    53.0    31.0    16.8    15.1    33.7
    30.2    21.0    18.8    18.8    19.5    26.1    76.9   114.4    41.6    23.3    16.8    17.1
    15.6    14.5    10.8    12.5    18.2    46.0   108.8    85.4    49.7    22.0    16.7    17.0
    33.9    24.3    18.7    20.4    31.9    37.6    75.0   112.6    80.9    32.6    18.1    28.0
    40.5    54.0    30.4    44.4    25.8    50.5    90.5    75.4    40.7    21.1    15.4    24.9
    18.3    19.9    12.8    16.9    15.0    42.2    70.6    57.3    36.1    20.0    12.6     9.5
     7.9     9.0    37.8    31.3    16.6    27.1    60.0    62.0    55.6    27.7    16.7    13.6
    14.9    31.0    20.5    16.5    22.2    37.4    82.8    75.4    72.9    32.8    18.5    17.6
    21.1    15.6    13.5    13.6    12.1    15.6    44.9    95.7    55.3    27.7    15.2    26.7
    42.0    45.1    23.0    15.1    17.3    55.4   122.3   113.7    74.7    30.8    17.8    16.2
    16.8    35.5    14.6    13.8    22.4    34.5    89.5    53.8    27.9    16.0    12.8    14.0
    11.7    16.5    16.6    20.9    20.4    32.4    97.5    60.1    30.4    17.0    16.9    16.1
    42.8    55.7    40.1    20.9    18.6    36.0    48.1    68.5    39.8    19.1    22.5    37.9
    43.2    29.4    16.4    20.6    24.0    45.9    52.3    67.0    33.6    20.5    13.0    14.0
    22.5    14.8    26.6    39.0    28.7    39.0    67.2    93.9    40.1    21.8    16.7    11.7
    13.7    19.3    31.5    18.9    14.3    49.4    39.1    59.4    37.8    20.3    12.3    17.5
    43.1    41.5    17.9    44.1    23.3    26.7    46.7    47.1    20.4    13.3    11.8    10.0
    14.3    15.9    19.7    14.2    13.3    17.9    40.4    87.5    55.4    22.0    12.1    15.0
    12.4    35.5    34.1    34.7    23.5    51.6    59.2    64.2    29.9    18.2    12.7    12.0
    14.8    12.3    11.8     8.0    12.0    35.6    64.0    48.5    29.2    11.8     8.2    12.0
    14.0    27.7    22.0    21.9    15.9    15.5    59.9    93.6    41.0    18.6    12.3    26.8
    25.9    27.1    33.7    50.8    36.8    17.7    41.8    51.1    23.3    18.2    14.3    17.0
    37.0    19.8    30.9    13.7    16.6    40.1   101.7    78.3    23.5    15.1    14.7    14.3
    13.6    11.8    21.6    15.8    21.8    24.6    66.3    80.9    35.7    20.8    15.9    11.1
    15.2    17.5    26.5    38.2    18.3    26.4    88.7    83.5    72.5    34.2    20.0    13.2
    13.2    13.6    18.5    31.0    79.8    38.0   107.7   121.0    75.6    38.0    27.0    15.7
    15.7    36.3    30.8    14.2    14.4    20.6    41.5    36.8    25.3    16.9    19.2    11.3


Station       	10
Station_id	TIETON_RIVER_AT_TIETON_DIVERSION
Duration    1926    1973
     4.5    24.7    15.2    17.5    26.6    44.7    42.0    26.8    19.9    22.1     6.7    17.9
    16.0    28.4    16.9    18.2    20.2    38.3    67.4   104.0    44.2    21.5    17.6    29.7
    36.9    39.2    46.0    16.4    35.0    34.7    97.9    55.4    34.5    18.7    13.6    20.0
    11.0    10.9    11.0     7.8    12.9    18.1    58.9    62.2    37.1    23.7    14.1     8.8
    -0.7    11.0     8.2    22.7    25.0    49.1    45.0    39.6    26.7    23.7    15.4    10.8
     6.6     4.5    12.1    12.1    17.0    36.9    69.5    36.9    21.2    22.0    12.8    10.0
     8.3    10.1    13.1    20.9    41.9    41.2    69.8    73.0    40.4    20.8    13.3    14.1
    42.6    27.3    22.8    12.0    17.0    40.4    61.9   111.9    72.5    30.7    19.7    32.5
    30.8   147.4    88.7    45.5    62.7    72.7    55.7    33.4    30.9    19.8    11.6    20.4
    48.7    28.5    39.0    30.4    24.7    31.9    73.2    76.4    44.7    21.3    14.7    10.7
     3.2     8.6    12.1    12.9    16.7    52.7    96.4    76.9    33.7    19.0    11.1     8.9
     4.3     6.4     8.0     7.5    13.0    31.7    67.4    94.4    43.8    23.2    13.3     7.0
    25.0    31.6    31.9    16.8    21.6    59.5    96.4    85.4    38.0    18.9    10.8    13.0
    11.6    20.4    15.3    12.0    22.2    42.2    60.8    38.8    25.9    13.8     9.6     9.1
     8.0    22.0    15.1    19.8    31.3    40.6    59.6    34.6    18.5    12.4    13.4     7.7
    10.7    19.1    12.0    10.6    20.3    34.2    37.1    26.3    18.8    13.0    13.4    13.8
    17.0    34.3    13.7    10.1    14.2    37.3    47.2    44.2    28.7    16.4    10.3     7.2
    22.9    28.5    23.1    17.6    24.2    73.3    67.8    86.0    65.9    24.8    15.3    13.6
    11.6    17.3    10.4    10.3    17.7    22.0    39.8    35.6    19.3    13.6    10.8     8.5
     9.2     1.5    24.4    23.7    13.9    21.2    65.8    48.6    27.4    15.2    12.3     9.9
    12.8    16.5    20.2    12.5    21.7    43.6    98.2    74.9    52.5    23.3    14.9    15.1
    24.5    59.8    24.0    28.7    33.8    47.6    85.1    58.1    32.2    19.2    17.1    35.3
    30.6    22.0    20.7    22.4    23.3    33.3    91.5   124.3    42.9    23.6    15.7    17.5
    15.8    16.8    11.1    13.3    23.4    60.2   123.4    86.9    48.5    23.2    18.4    18.1
    36.1    26.3    19.2    21.6    38.8    49.6    90.0   121.6    80.8    30.6    17.5    26.4
    41.3    57.9    31.5    50.2    28.9    61.7   100.4    77.0    38.2    21.3    17.5    26.3
    18.6    22.3    14.2    20.9    19.9    50.7    76.7    61.1    37.3    20.9    11.5     8.4
     5.4     9.5    43.3    35.9    19.3    32.7    68.4    64.0    52.7    23.9    15.6    14.9
    14.0    33.7    22.5    19.3    26.5    45.8    94.0    80.3    69.8    30.2    15.8    19.2
    21.8    16.9    14.4    14.7    13.0    18.9    53.2   102.5    54.9    23.6    16.5    27.2
    44.1    53.3    27.5    16.9    22.7    77.2   142.9   113.0    75.7    30.5    19.3    17.4
    16.5    38.5    15.6    15.2    26.3    42.0    96.8    56.1    25.6    19.4    15.5    14.5
    11.7    16.6    18.2    25.1    24.0    39.2   107.0    62.9    27.4    16.9    20.7    17.7
    47.7    61.1    44.2    24.1    22.7    42.8    53.4    72.2    40.1    18.3    23.3    38.7
    45.5    31.4    17.8    22.7    28.9    51.4    56.8    70.4    33.1    17.3    12.1    14.4
    23.5    15.4    29.1    45.2    34.5    46.3    74.6    96.7    42.9    24.2    20.8    12.5
    15.1    21.3    34.4    21.8    15.8    57.2    45.2    64.2    39.2    21.8    15.4    18.3
    46.8    43.9    19.4    50.1    26.3    33.3    54.6    51.2    23.3    15.5    13.8    11.8
    15.2    16.7    21.5    16.4    16.0    23.3    47.0    94.6    57.6    25.7    17.3    16.4
    13.4    39.0    41.3    41.7    29.8    59.4    66.4    72.5    34.5    20.5    14.5    12.8
    15.4    12.9    12.4     8.9    15.4    42.7    70.5    51.8    33.4    16.8    13.7    14.4
    14.6    30.0    24.1    24.3    18.0    18.7    69.1   100.7    41.5    19.8    13.1    28.2
    27.1    29.8    37.7    58.9    44.1    22.9    47.2    53.6    27.3    21.3    16.9    18.2
    38.7    21.5    34.0    14.6    21.8    47.6   112.7    84.9    28.9    16.9    16.1    14.8
    13.9    11.3    23.0    18.0    26.6    28.6    73.6    86.1    36.9    21.6    16.0    12.0
    16.1    18.7    30.4    43.9    21.1    33.5   100.1    87.2    73.4    35.7    20.5    13.9
    13.9    15.3    22.9    37.6    97.5    50.9   122.6   125.3    80.3    42.9    28.5    16.8
    16.6    38.3    33.7    15.4    15.7    21.8    43.5    37.0    24.0    16.1    18.4    11.3


Station       	11
Station_id	NACHES_R_BELOW_TIETON_R_NEAR_NACHES
Duration    1926    1973
    12.1    60.7    46.3    43.4    94.4   162.8   118.9    57.9    30.5    29.5    13.8    41.0
    49.5    91.9    52.4    46.6    60.4   146.6   271.5   363.2   130.0    48.7    38.1    68.5
   117.2   115.6   129.2    42.9   103.6   114.9   358.7   162.5    74.5    30.3    21.8    39.9
    25.8    23.2    16.7    13.6    36.3    57.7   218.0   184.8    74.6    29.4    19.5    17.0
     6.9    24.0    16.3    58.9    68.4   186.1   154.7   114.7    51.4    29.6    19.5    17.7
    17.2    13.4    32.0    38.8    50.3   120.8   246.6    94.9    34.8    24.6    17.6    18.5
    27.4    28.0    38.0    67.0   127.9   158.7   278.6   247.4   103.6    39.0    24.3    24.6
   127.4    82.3    58.3    28.7    39.7   149.7   241.2   396.8   228.1    71.0    41.1    75.0
    86.5   460.2   263.8   123.1   225.3   278.7   189.5   101.5    56.0    35.2    43.4    57.2
   149.2    89.3   126.5   100.5    73.3   119.2   291.0   266.6   106.6    39.5    32.8    21.9
    16.9    22.7    50.0    43.1    70.8   243.1   410.7   276.6   105.5    69.3    50.1    19.6
    12.3    22.3    18.9    19.2    37.3   106.4   270.7   318.3   115.1    45.0    28.1    21.1
    78.4    97.5    97.6    46.3    74.1   224.8   352.5   262.3    85.6    39.1    23.7    28.1
    28.1    46.1    44.3    28.0    66.6   164.1   218.8   126.8    62.4    27.7    20.9    19.2
    19.5    64.6    43.3    53.2   102.0   162.0   231.1   104.9    40.6    24.5    24.6    20.5
    27.7    51.9    32.4    30.4    73.8   133.3   132.0    74.5    34.6    21.4    24.8    31.6
    49.1   102.6    34.5    27.4    40.9   151.3   167.7   145.5    64.6    30.3    20.4    16.0
    60.8    74.6    60.4    45.3    74.1   294.1   264.9   300.3   170.8    51.2    29.6    29.0
    29.3    49.7    27.4    29.2    49.1    81.1   151.7   108.6    42.3    25.7    21.0    19.4
    21.7    29.5    70.9    72.0    41.1    79.4   268.4   161.7    59.6    28.2    26.7    23.5
    36.5    43.3    54.2    31.6    57.7   168.8   396.1   257.1   139.2    47.8    31.1    34.8
    54.0   152.0    60.2    88.8   120.4   188.5   302.6   165.3    72.4    37.7    31.7    96.6
    98.0    73.6    59.0    55.0    60.6   117.7   361.1   424.1   121.2    50.5    33.9    41.4
    39.9    42.5    23.6    38.5    78.0   216.9   469.6   289.2   133.7    55.4    37.0    40.2
   107.9    78.5    48.8    54.0   107.4   146.0   335.4   449.0   249.4    75.6    39.5    68.9
   125.7   190.0   106.0   163.0    89.7   240.7   390.2   247.9    98.6    43.4    30.5    55.6
    46.4    54.6    33.4    52.6    52.5   185.9   269.9   179.3    88.9    35.7    22.6    17.9
    14.5    19.7   117.6   105.4    58.4   115.2   264.8   232.7   161.1    53.7    31.9    30.4
    37.7    96.0    64.4    54.5    72.8   153.3   373.0   293.6   234.7    82.2    43.6    44.5
    62.2    44.0    36.1    35.1    32.7    52.9   192.0   363.4   155.4    54.6    35.6    76.4
   142.3   138.5    68.1    42.7    65.7   290.1   560.7   401.6   216.5    67.4    39.0    40.5
    48.5   118.1    40.7    40.7    71.8   151.4   381.3   169.7    62.2    36.1    24.7    29.4
    28.5    39.9    47.6    76.2    76.4   141.5   413.1   190.3    64.5    33.7    32.8    36.9
   139.0   184.8   138.1    70.5    67.0   165.6   224.0   257.4   110.1    40.7    49.3    95.4
   140.1   109.7    50.3    63.6    92.1   180.1   213.4   228.2    81.9    35.9    27.2    29.9
    60.9    40.1    79.1   125.8   108.2   174.8   306.7   350.4   107.0    46.1    34.6    31.4
    32.1    48.8    92.0    66.3    44.1   193.5   167.1   207.4    96.2    44.8    28.9    42.3
   113.6   119.3    56.0   156.5    85.2   110.0   200.7   154.7    58.5    34.6    27.3    26.6
    40.4    43.4    57.8    41.0    40.3    84.0   201.8   356.2   176.2    61.1    34.1    37.2
    37.7   102.0   113.2   130.7   105.7   223.3   255.8   239.8    95.2    44.9    28.7    25.8
    35.4    31.6    27.9    21.8    45.4   164.7   283.2   173.3    86.4    35.4    26.2    27.8
    37.0    98.3    69.4    72.4    54.8    66.7   281.1   346.7   115.5    40.1    26.0    65.6
    72.9    88.2   126.1   185.8   156.3    80.2   184.2   172.5    73.9    42.5    38.8    43.6
    77.9    34.6    72.1    24.7    44.3   153.1   395.0   233.6    41.1     4.7     5.0    19.5
    28.4    15.7    42.0    30.4    55.4    76.3   265.5   282.6    53.0     2.7    -3.3     6.1
    28.7    28.5    62.1   114.7    36.0    90.5   378.3   297.3   193.1    47.7    15.1    27.1
    21.4    19.8    30.4    81.9   302.0   151.5   433.5   451.1   205.4    58.3    27.2    25.8
    21.5    73.4    65.9    22.4    22.4    57.7   128.2    78.2    18.9    -1.1     4.2    12.1


Station       	12
Station_id	YAKIMA_R_AT_SUNNYSIDE_DIV(PARKER)
Duration    1926    1973
    65.0   238.6   157.3   156.7   318.6   404.4   272.9   118.2    51.7    60.9    63.1   143.9
   139.9   254.5   132.7   131.2   208.4   426.6   698.0   810.9   245.0    95.5   116.8   242.4
   391.5   352.8   388.6   148.9   335.6   371.6   852.3   360.6   144.9    68.7    67.2   146.2
    77.2    73.8    58.7    59.4   139.0   199.0   587.8   440.3   147.5    69.6    56.7    61.8
    41.4    72.1    53.8   194.5   224.8   509.4   365.1   247.7   102.9    74.5    80.5    87.3
    74.3    58.3    96.2   136.9   195.1   333.0   578.1   254.2    79.3    57.8    68.9   114.2
   142.1    91.2   164.3   252.2   515.3   521.0   733.3   590.6   235.1   101.4    78.1   117.4
   480.6   285.6   254.5   113.2   153.3   432.2   651.1   907.6   487.5   167.4   138.5   315.0
   328.0  1109.9   666.4   387.8   649.5   771.8   462.1   224.0   120.0    83.0    93.1   205.1
   413.1   250.9   465.7   325.2   242.5   339.1   728.8   603.7   235.4   109.1    92.9    91.7
    71.6    72.0   106.7    71.0   226.8   682.1   991.5   599.2   166.8    87.1    83.1    86.6
    53.7   124.0    71.6    71.4   177.5   358.1   681.9   783.4   244.7   109.3    86.9    77.7
   282.5   285.6   247.5   128.3   297.1   650.4   848.6   568.6   167.5    85.3    77.2   101.6
   128.7   189.6   224.1   111.5   228.1   454.1   585.5   331.8   163.0    83.0    80.7   100.1
   100.9   219.5   107.5   171.1   307.1   442.2   546.3   238.1    99.9    67.4    86.0    99.5
   102.4   180.5   100.1   102.6   258.8   381.0   296.7   180.7    77.6    76.1   121.1   159.6
   183.7   276.3   108.7   109.9   151.7   436.1   447.8   353.5   154.0    82.4    77.8    85.2
   189.4   231.9   204.3   149.5   245.2   810.1   681.0   723.4   368.8   128.5    92.2   111.9
   102.4   187.0    80.6   100.2   161.2   261.0   411.5   265.8    98.4    76.3   108.1    98.6
    96.1   128.2   275.0   225.7   144.8   254.7   695.1   386.2   144.0    90.8   110.7   124.7
   164.3   156.2   183.3   107.3   230.2   503.7  1046.8   669.4   306.9   122.8   113.1   148.6
   136.8   462.9   238.4   278.3   378.5   503.1   676.8   376.0   170.2   106.4   113.6   299.5
   320.5   223.8   157.0   153.3   176.3   354.0  1011.6  1047.2   270.3   149.8   113.9   150.5
   149.6   150.7    86.0   135.9   312.4   666.3  1192.0   690.9   302.6   147.3   117.9   169.0
   351.3   264.3   125.0   160.4   344.9   435.9   872.0  1128.9   547.8   189.0   126.5   234.1
   362.9   504.2   292.1   520.1   286.4   699.3   992.3   601.7   220.5   112.0   109.8   208.8
   175.7   156.8    95.9   151.7   180.8   520.8   701.1   431.6   207.8   113.7    87.3    87.8
    57.5    68.4   383.7   357.4   194.0   368.1   735.3   577.5   347.9   151.4    99.7   126.8
   144.5   334.7   191.6   186.8   224.0   420.3   945.1   748.3   546.8   214.1   147.0   153.4
   222.9   144.7   122.5   156.8   119.9   210.6   599.7   921.0   426.0   149.9   122.2   262.8
   432.9   371.7   204.8   127.7   326.5   927.1  1403.7   932.4   460.8   160.0   130.6   194.0
   177.7   482.0   135.7   133.8   240.5   486.0   941.6   393.9   138.0   112.5   100.0   122.8
   101.4   375.4   151.5   273.6   257.0   451.6   970.8   409.1   138.6    91.5   124.1   173.3
   452.7   513.3   436.8   226.1   273.1   546.3   651.8   655.6   269.8   121.8   231.0   344.7
   538.0   385.1   154.7   183.0   288.1   499.6   594.1   537.3   181.7   115.6   112.2   138.0
   219.9   126.6   237.2   404.9   396.0   539.7   839.1   776.7   225.9   112.1   113.1   151.6
   130.0   173.3   345.8   248.7   155.4   581.5   468.2   493.8   221.0   137.5   109.8   176.5
   349.1   325.0   209.0   434.5   251.5   334.3   488.6   328.8   143.3   109.7   101.5   110.0
   148.6   129.5   174.9   125.5   153.1   309.0   619.2   948.9   444.9   182.8   137.4   168.2
   129.5   304.9   353.8   434.7   318.6   613.8   671.3   563.8   214.1   129.8   115.2   126.1
   134.5   119.1   109.2    84.7   188.1   498.5   695.8   418.8   221.2   106.0   112.5   131.0
   133.7   327.7   265.2   253.0   170.8   210.8   720.2   798.1   243.0   110.3   100.9   256.0
   239.3   359.4   400.9   488.4   424.8   231.7   475.5   408.5   174.1   142.3   162.6   186.8
   278.9   203.2   251.6   106.4   262.5   547.8  1041.5   636.8   167.8   106.6   136.3   139.9
   107.5    99.2   149.7   168.5   253.9   309.6   734.8   684.2   195.0   105.3   118.8   118.5
   144.3   135.6   333.3   429.3   191.8   335.2  1086.1   812.6   503.3   183.6   144.5   139.2
   175.9   154.1   223.7   395.6   950.3   528.6  1279.9  1106.5   509.3   217.8   188.0   135.4
   134.2   311.2   266.4   123.3   150.8   231.5   416.2   274.0   128.6    86.5   106.6   103.3
